e:\MY PROGRAM\ThrillerPython\GEE_LUCC
[[ 58   0   5   1   0   0   0   0   5   0   0   1   0   0   0]
 [  0  20   0   0   0   0   0   0   0   0   0   0   0   0   0]
 [  8   1  50   0   0   0   0   0   0   0   0   0   0   0   0]
 [  2   3   1  32   0   0   0   0   3   0   0   0   0   0   0]
 [  0   0   0   0  64  20   0   6   9   0   0   0   0   2   7]
 [  7   0   5   2   2  51   4   2   7   2   0   1   0   5   3]
 [  1   0   7   0   0   1 159   2   3   1   0   1   0   2   4]
 [  1   0   2   0  12  14   0  96  23   4   0   3   0   2   1]
 [  3   0   3   3   2   2   0   6  77   0   0   0   0   0   2]
 [  0   0   0   0   2   1   0   0   3  31   0   1   0   0   2]
 [  0   0   0   0   0   0   0   0   1   2  25   2   0   0   0]
 [  0   0   0   0   0   0   0   0   0   1   1  12   0   0   0]
 [  0   0   0   0   0   0   0   0   0   0   0   0  18   0   0]
 [  0   0   0   0   0   1   0   0   0   0   0   0   0  26   0]
 [  0   0   0   0   0   4   3   1   0   0   0   0   3   6  28]]
0.747
              precision    recall  f1-score   support

         DBF       0.72      0.83      0.77        70
         ENF       0.83      1.00      0.91        20
          MF       0.68      0.85      0.76        59
       Shrub       0.84      0.78      0.81        41
         LCG       0.78      0.59      0.67       108
         MCG       0.54      0.56      0.55        91
         HCG       0.96      0.88      0.92       181
        Crop       0.85      0.61      0.71       158
          OT       0.59      0.79      0.67        98
          UB       0.76      0.78      0.77        40
       Water       0.96      0.83      0.89        30
         Wet       0.57      0.86      0.69        14
        Snow       0.86      1.00      0.92        18
          DB       0.60      0.96      0.74        27
          LV       0.60      0.62      0.61        45

    accuracy                           0.75      1000
   macro avg       0.74      0.80      0.76      1000
weighted avg       0.77      0.75      0.75      1000

